00000000000011110000000000000000
00000000001111111110000000000000
00000000011111111111000000000000
00000000111111111111000000000000
00000001111111111111000000000000
00000001111111111111110000000000
00000001111111101111100000000000
00000001111111001111100000000000
00000000111111000111110000000000
00000000011110000111110000000000
00000000001100001111110000000000
00000000000000000111111000000000
00000000000000001111110000000000
00000000000000001111110000000000
00000000000000001111110000000000
000000000000000011111