00000000000000111111000000000000
00000000000111111111110000000000
00000000011111111111110000000000
00000001111111111111110000000000
00000011111111111111110000000000
00000111111111111111110000000000
00000011111111000011111000000000
00000011111000000111111000000000
00000001110000001111111000000000
00000000000000011111100000000000
00000000000001111111100000000000
00000000000001111111000000000000
00000000000111111110000000000000
00000000000111111110000000000000
00000000000111111100000000000000
00000000000111111000000000000000
00000000000111111000000000000000
00000000000111111100000000000000
00000000000111111111000000000000
000000000001111111111