00000000000111100000000000000000
00000000000111110000000000000000
00000000000111110000000000000000
00000000001111100000000000000000
00000000001111100000000000000000
00000000001111100000000000000000
00000000001111100000100000000000
00000000011111000001110000000000
00000000011111000011111000000000
00000000011111000011111100000000
00000001111100000111110000000000
00000001111100000111110000000000
00000001111100000111110000000000
00000011111111111111111110000000
00000011111111111111111111000000
000001111