00000000011111100000000000000000
00000000001111110000000000000000
00000000011111110000000000000000
00000000011111110000000000000000
00000000011111110000000000000000
00000000001111111000000000000000
00000000001111110000000000000000
00000000001111110000000000000000
00000000001111110000000000000000
00000000001111110000000000000000
00000000001111110000000000000000
00000000011111110000000000000000
00000000011111100000000000000000
00000000011111100000011100000000
00000000001111110000011111000000
00000000011111100000011111100000
00000000011111100000011111100000
00000000011111100000011111100000
00000000111111000000011111100000
00000000011111100000001111110000
00000000011111100000001111110000
00000000111111000000001111110000
0000000111111100001111111