00000000001111000001100000000000
00000000001111110011110000000000
00000000011111111111111000000000
00000000011111111111111000000000
00000000011111111111111000000000
00000000001111111111111100000000
00000000001111000000011000000000
00000000001111000000000000000000
00000000011110000000000000000000
00000000011110000000000000000000
00000000001111100000000000000000
00000000011111111000000000000000
00000000011111111110000000000000
00000000111111111110000000000000
00000000111111111111100000000000
00000000111111111111100000000000
0000000011111100