00000000001111000000000000000000
00000000011111100000000000000000
00000000111111100000000000000000
00000000011111110000000000000000
00000000011111110000000000000000
00000000111111100000000000000000
00000000111111000000000000000000
00000001111111000000000000000000
00000001111110000000000000000000
00000001111110000000000000000000
00000011111110000000000000000000
00000011111100000000000000000000
00000001111110000000000000000000
00000001111100000000000000000000
00000011111100000000000000000000
00000011111100000000000000000000
00000011111100000011111000000000
00000111111000001111111100000000
00000111111000011111111110000000
00000111111000111111111111000000
00000111111011111111111111100000
00000011111111111111111111110000
00000011111111111111111111110000
00000011111111111000000111110000
00000011111111110000000111110000
0000000111110000000000111