00000000001110000000000000000000
00000000001110000000000000000000
00000000001111000000000000000000
00000000011111000000000000000000
00000000111110000000000000000000
00000000111110000000000000000000
00000000111110000000000000000000
00000000111110000000000000000000
00000000111100000000000000000000
00000000111100000000000000000000
00000001111000000000000000000000
00000001111100000000000000000000
00000001111000000000000000000000
00000001111000000000000000000000
00000011111000000000000000000000
00000011111000011100000000000000
00000001111000111111100000000000
000000111111111111111100000000