00000000000011100000000000000000
00000000000111110000000000000000
00000000001111111000000000000000
00000000001111111000000000000000
00000000011111110000000000000000
00000000111111100000000000000000
00000000111111000000000000000000
00000001111110000000000000000000
00000011111110000000000000000000
00000011111110000000000000000000
00000011111100000000000000000000
00000011111100000000000000000000
00000011111100000000000000000000
00000011111000000000000000000000
00000111111000000000110000000000
00000111111000011111111100000000
