00000000000011111000000000000000
00000000000111111000000000000000
00000000011111111100000000000000
00000000011111111110000000000000
00000000111111111111000100000000
00000000111111111111001100000000
00000011111110000000111110000000
00000011111100000011111110000000
00000011111100000011111110000000
00000111110000000011111100000000
00000111110000000111111000000000
00000111110000001111111000000000
00000011111000000111111000000000
00000011111000000111111000000000
00000001111110111111100000000000
0000000111111111